   1.5090000e+01
   1.5090000e+01
   1.3730000e+01
   1.6790000e+01
   1.7630000e+01
   1.7150000e+01
   1.7250000e+01
   1.6210000e+01
   1.5830000e+01
   1.5830000e+01
   1.5850000e+01
   1.5260000e+01
   1.6410000e+01
   1.9400000e+01
   1.9400000e+01
   1.5270000e+01
   1.6880000e+01
   1.6880000e+01
   1.9200000e+01
   2.0330000e+01
   1.9860000e+01
   1.3760000e+01
   1.3760000e+01
   1.5300000e+01
   1.6380000e+01
   1.7600000e+01
   1.2460000e+01
   1.2460000e+01
   1.6690000e+01
   1.7790000e+01
   2.2130000e+01
   2.1110000e+01
   1.7340000e+01
   1.4410000e+01
   1.5040000e+01
   1.5040000e+01
   1.3330000e+01
   1.2220000e+01
   1.5040000e+01
   2.0180000e+01
   1.7280000e+01
   1.4840000e+01
   1.6870000e+01
   1.5010000e+01
   1.5010000e+01
   1.5980000e+01
   1.6980000e+01
   1.3020000e+01
   1.3020000e+01
   1.5900000e+01
   1.6490000e+01
   1.8110000e+01
   1.7050000e+01
   1.6770000e+01
   1.3260000e+01
   1.3260000e+01
   1.5450000e+01
   1.5450000e+01
   1.2210000e+01
   1.4420000e+01
   1.5470000e+01
   1.2530000e+01
   1.6430000e+01
   1.4380000e+01
   1.3600000e+01
   1.3600000e+01
   1.8070000e+01
   1.3590000e+01
   1.4720000e+01
   1.5500000e+01
   1.6760000e+01
   1.3970000e+01
   1.6930000e+01
   1.3950000e+01
   1.5370000e+01
   1.3450000e+01
   1.4450000e+01
   1.3340000e+01
   1.3340000e+01
   1.5560000e+01
   1.4530000e+01
   2.0610000e+01
   2.0610000e+01
   1.6950000e+01
   1.4110000e+01
   1.2260000e+01
   1.4340000e+01
   1.6930000e+01
   1.5820000e+01
   1.7610000e+01
   1.3600000e+01
   1.4430000e+01
   1.5340000e+01
   1.2170000e+01
   1.3160000e+01
   1.3970000e+01
   1.6050000e+01
   1.5830000e+01
   1.5830000e+01
   2.0530000e+01
   1.8390000e+01
   1.8320000e+01
   1.9310000e+01
   1.4710000e+01
   1.4710000e+01
   1.7540000e+01
   1.7540000e+01
   1.5030000e+01
   1.3820000e+01
   1.5950000e+01
   1.3120000e+01
   2.0420000e+01
   2.1510000e+01
   1.7380000e+01
   1.9120000e+01
   1.5010000e+01
   1.5010000e+01
   1.6190000e+01
   1.8910000e+01
   1.7960000e+01
   1.6290000e+01
   1.4820000e+01
   1.5940000e+01
   1.3950000e+01
   1.2900000e+01
   1.8160000e+01
   1.7120000e+01
   1.5450000e+01
   1.5450000e+01
   1.4320000e+01
   1.5180000e+01
   1.2300000e+01
   1.2300000e+01
   1.3670000e+01
   1.3670000e+01
   1.5290000e+01
   1.6760000e+01
   1.6760000e+01
   1.6240000e+01
   1.5230000e+01
   1.9480000e+01
   1.8440000e+01
   1.5460000e+01
   1.6530000e+01
   1.3420000e+01
   1.8930000e+01
   1.7000000e+01
   1.7000000e+01
   1.4770000e+01
   1.5670000e+01
   1.5670000e+01
   1.9920000e+01
   2.1900000e+01
   1.4110000e+01
   1.4110000e+01
   2.2350000e+01
   2.3100000e+01
   1.4370000e+01
   1.4370000e+01
   2.0820000e+01
   1.5770000e+01
   1.4600000e+01
   1.2000000e+01
   1.2000000e+01
   1.7040000e+01
   1.5850000e+01
   1.6200000e+01
   1.5080000e+01
   1.4510000e+01
   1.4510000e+01
   1.8600000e+01
   2.0730000e+01
   1.5640000e+01
   1.5640000e+01
   1.3640000e+01
   1.5660000e+01
   1.5660000e+01
   1.8910000e+01
   1.7870000e+01
   1.8120000e+01
   1.8120000e+01
   1.2390000e+01
   1.2390000e+01
   1.4110000e+01
   1.5230000e+01
   1.5560000e+01
   1.7610000e+01
   1.7890000e+01
   1.6820000e+01
   1.4350000e+01
   1.7980000e+01
   1.6590000e+01
   1.6590000e+01
   1.5250000e+01
   1.5250000e+01
   1.5490000e+01
   1.6500000e+01
   1.5330000e+01
   1.6370000e+01
   1.3530000e+01
   1.5510000e+01
   1.5290000e+01
   1.4280000e+01
   1.4590000e+01
   1.5610000e+01
   1.2470000e+01
   1.2470000e+01
   1.2720000e+01
   1.5930000e+01
   1.2290000e+01
   1.2290000e+01
   1.6050000e+01
   1.4050000e+01
   1.2900000e+01
   1.2900000e+01
   1.3120000e+01
   1.4170000e+01
   1.8160000e+01
   1.7130000e+01
   1.4340000e+01
   1.3220000e+01
   1.8970000e+01
   1.3200000e+01
   1.7300000e+01
   1.4940000e+01
   1.4940000e+01
   1.2140000e+01
   1.2140000e+01
   1.5320000e+01
   1.6160000e+01
   1.5450000e+01
   1.5610000e+01
   1.2570000e+01
   1.7180000e+01
   1.7180000e+01
   1.6820000e+01
   1.3640000e+01
   1.4660000e+01
   1.3250000e+01
   1.3250000e+01
   1.3410000e+01
   1.5250000e+01
   1.4170000e+01
   1.3890000e+01
   1.2820000e+01
   1.5170000e+01
   1.5170000e+01
   1.4940000e+01
   1.7940000e+01
   1.8920000e+01
   1.4940000e+01
   1.4510000e+01
   1.7970000e+01
   1.7970000e+01
   1.5490000e+01
   1.4490000e+01
   1.5840000e+01
   1.5840000e+01
   1.3440000e+01
   1.3440000e+01
   1.3240000e+01
   1.3210000e+01
   1.4250000e+01
   1.4250000e+01
   1.4100000e+01
   1.5170000e+01
   1.2860000e+01
   1.3510000e+01
   1.4510000e+01
   1.2700000e+01
   1.3740000e+01
   1.2710000e+01
   1.5120000e+01
   1.5120000e+01
   1.7480000e+01
   1.6500000e+01
   1.2970000e+01
   1.5700000e+01
   1.8500000e+01
   1.3530000e+01
   1.3530000e+01
   1.4520000e+01
   1.7100000e+01
   1.4110000e+01
   1.3810000e+01
   1.2820000e+01
   1.5290000e+01
   1.3200000e+01
   1.3870000e+01
   1.4740000e+01
   1.2630000e+01
   1.2630000e+01
   1.5260000e+01
   1.3860000e+01
   1.3590000e+01
   1.4590000e+01
   1.4570000e+01
   1.4290000e+01
   1.3310000e+01
   1.3710000e+01
   1.4590000e+01
   1.6360000e+01
   1.7320000e+01
   1.5330000e+01
   1.5830000e+01
   1.6810000e+01
   1.7910000e+01
   1.6020000e+01
   1.3240000e+01
   1.6240000e+01
   1.7870000e+01
   1.8900000e+01
   1.3200000e+01
   1.5840000e+01
   1.5780000e+01
   1.5780000e+01
   1.3720000e+01
   1.9030000e+01
   1.9920000e+01
   1.3630000e+01
   1.3630000e+01
   1.2890000e+01
   1.6030000e+01
   1.8090000e+01
   1.7130000e+01
   1.3040000e+01
   1.3930000e+01
   1.5430000e+01
   1.3310000e+01
   1.4930000e+01
   1.4010000e+01
   1.7330000e+01
   1.6390000e+01
   2.0690000e+01
   2.1750000e+01
   1.2090000e+01
   1.3080000e+01
   1.2600000e+01
   1.3520000e+01
   1.3390000e+01
   1.2380000e+01
   1.4470000e+01
   1.5390000e+01
   1.3010000e+01
   1.5120000e+01
   1.7240000e+01
   1.7240000e+01
   1.3850000e+01
   1.3760000e+01
   1.5660000e+01
   1.2780000e+01
   1.4850000e+01
   1.7720000e+01
   1.6840000e+01
   2.2930000e+01
   1.4540000e+01
   1.5540000e+01
   1.8450000e+01
   1.7570000e+01
   1.7560000e+01
   1.6130000e+01
   1.5140000e+01
   1.3850000e+01
   1.5310000e+01
   1.2320000e+01
   1.6810000e+01
   1.6100000e+01
   1.6100000e+01
   1.5660000e+01
   1.8250000e+01
   2.3350000e+01
   2.1180000e+01
   1.3690000e+01
   1.8870000e+01
   1.6720000e+01
   1.7250000e+01
   1.7250000e+01
   2.0880000e+01
   1.9870000e+01
   1.5880000e+01
   2.0350000e+01
   2.2260000e+01
   1.7910000e+01
   1.7050000e+01
   1.3680000e+01
   1.3680000e+01
   1.5340000e+01
   1.6320000e+01
   1.5260000e+01
   1.4280000e+01
   1.7830000e+01
   1.7830000e+01
   1.2910000e+01
   1.4790000e+01
   1.3030000e+01
   1.3030000e+01
   1.3760000e+01
   1.6620000e+01
   1.6790000e+01
   1.5850000e+01
   1.5410000e+01
   1.4220000e+01
   1.4220000e+01
   1.4230000e+01
   1.4230000e+01
   1.3260000e+01
   1.5770000e+01
   1.4880000e+01
   1.8520000e+01
   1.8520000e+01
   2.0160000e+01
   2.0160000e+01
   2.2940000e+01
   1.4450000e+01
   1.5470000e+01
   1.4680000e+01
   1.4320000e+01
   1.2270000e+01
   1.5560000e+01
   1.3130000e+01
   1.5010000e+01
   1.3770000e+01
   1.5400000e+01
   1.5440000e+01
   1.5440000e+01
   1.7480000e+01
   1.6480000e+01
   1.6960000e+01
   1.7910000e+01
   1.3400000e+01
   1.4420000e+01
   1.3350000e+01
   1.4830000e+01
   1.4830000e+01
   1.3780000e+01
   1.4830000e+01
   1.5130000e+01
   1.6120000e+01
   1.4090000e+01
   1.6150000e+01
   1.2290000e+01
   1.9980000e+01
   1.7980000e+01
   1.5330000e+01
   1.7410000e+01
   1.4580000e+01
   1.5830000e+01
   1.6020000e+01
   1.5020000e+01
   1.3270000e+01
   1.3270000e+01
   1.4850000e+01
   1.5790000e+01
   1.5760000e+01
   1.5760000e+01
   1.2330000e+01
   1.2330000e+01
   1.3950000e+01
   1.2000000e+01
   1.4570000e+01
   1.2560000e+01
   1.9650000e+01
   1.7820000e+01
   1.2990000e+01
   1.2990000e+01
   1.9000000e+01
   1.5790000e+01
   1.2920000e+01
   1.3780000e+01
   1.4470000e+01
   1.3380000e+01
   1.7080000e+01
   1.2650000e+01
   1.3610000e+01
   1.5230000e+01
   1.4160000e+01
   1.5320000e+01
   1.6290000e+01
   1.2360000e+01
   1.3280000e+01
   1.4590000e+01
   1.4590000e+01
   1.8360000e+01
   1.4310000e+01
   1.5130000e+01
   1.2170000e+01
   1.3220000e+01
   1.5360000e+01
   1.5340000e+01
   1.4220000e+01
   1.2350000e+01
   1.4490000e+01
   1.4930000e+01
   1.6170000e+01
   1.3300000e+01
   1.3300000e+01
   1.7020000e+01
   1.6470000e+01
   1.5470000e+01
   1.4180000e+01
   1.4180000e+01
   1.7710000e+01
   1.5670000e+01
   1.8260000e+01
   1.8260000e+01
   1.8320000e+01
   1.9270000e+01
   1.2660000e+01
   1.5030000e+01
   1.6030000e+01
   1.2550000e+01
   1.2550000e+01
   1.4430000e+01
   1.3450000e+01
   1.7000000e+01
   1.6050000e+01
   1.7060000e+01
   1.7060000e+01
   1.3270000e+01
   1.4210000e+01
   1.4670000e+01
   1.2720000e+01
   1.3240000e+01
   1.7230000e+01
   1.7230000e+01
   1.2670000e+01
   1.2670000e+01
   1.7640000e+01
   1.3930000e+01
   1.6100000e+01
   1.4000000e+01
   1.4000000e+01
   1.2940000e+01
   1.3900000e+01
   1.8480000e+01
   1.7530000e+01
   1.2790000e+01
   1.3910000e+01
   1.8960000e+01
   1.8060000e+01
   1.8460000e+01
   1.7480000e+01
   1.7910000e+01
   1.6290000e+01
   1.5510000e+01
   1.3220000e+01
   1.4580000e+01
   1.5610000e+01
   1.2130000e+01
   1.3220000e+01
   1.3490000e+01
   1.3490000e+01
   1.7340000e+01
   1.8310000e+01
   1.7440000e+01
   1.6480000e+01
   1.7580000e+01
   1.7580000e+01
   1.9520000e+01
   1.7640000e+01
   1.3260000e+01
   1.4250000e+01
   1.7300000e+01
   1.8290000e+01
   1.7340000e+01
   1.7340000e+01
   1.3560000e+01
   1.4380000e+01
   1.5530000e+01
   1.3690000e+01
   1.4760000e+01
   1.3180000e+01
   1.4230000e+01
   1.5810000e+01
   1.4960000e+01
   1.8420000e+01
   1.9340000e+01
   1.2830000e+01
   1.3920000e+01
   1.5160000e+01
   1.3260000e+01
   1.6190000e+01
   1.2120000e+01
   1.3200000e+01
   1.5930000e+01
   1.4170000e+01
   1.5650000e+01
   2.0500000e+01
   2.1490000e+01
   1.3060000e+01
   1.4020000e+01
   1.5570000e+01
   1.5570000e+01
   1.6860000e+01
   1.7900000e+01
   1.6580000e+01
   1.5710000e+01
   1.2460000e+01
   1.2460000e+01
   1.3880000e+01
   1.2860000e+01
   1.9600000e+01
   1.9600000e+01
   2.0290000e+01
   2.1270000e+01
   1.5000000e+01
   1.6040000e+01
   2.0380000e+01
   2.0380000e+01
   1.4990000e+01
   1.5950000e+01
   1.4410000e+01
   1.5420000e+01
   1.6000000e+01
   1.6270000e+01
   1.5260000e+01
   2.0130000e+01
   2.1100000e+01
   2.1140000e+01
   2.1140000e+01
   1.6670000e+01
   1.6670000e+01
   1.2490000e+01
   1.2490000e+01
   1.4400000e+01
   1.4400000e+01
   1.7860000e+01
   1.8950000e+01
   1.3960000e+01
   1.3960000e+01
   1.7870000e+01
   1.6710000e+01
   2.0110000e+01
   1.9230000e+01
   1.9030000e+01
   1.5730000e+01
   1.6680000e+01
   1.4770000e+01
   1.7380000e+01
   1.7380000e+01
   1.3440000e+01
   1.4480000e+01
   1.5860000e+01
   1.5860000e+01
   1.5440000e+01
   1.3640000e+01
   1.5050000e+01
   1.5050000e+01
   1.7580000e+01
   1.3860000e+01
   1.5060000e+01
   1.2990000e+01
   1.4090000e+01
   1.7470000e+01
   1.5460000e+01
   1.5030000e+01
   1.4050000e+01
   1.5810000e+01
   1.5810000e+01
   1.3830000e+01
   1.5170000e+01
   1.5120000e+01
   1.3010000e+01
   1.3010000e+01
   1.6940000e+01
   1.7950000e+01
   1.5360000e+01
   1.5980000e+01
   1.4700000e+01
   1.4630000e+01
   1.6750000e+01
   1.5470000e+01
   1.5470000e+01
   1.2650000e+01
   1.3720000e+01
   1.8670000e+01
   1.9700000e+01
   2.0920000e+01
   2.1780000e+01
   1.3930000e+01
   1.2990000e+01
   1.3890000e+01
   1.6250000e+01
   1.4950000e+01
   1.2920000e+01
   1.3400000e+01
   1.3400000e+01
   2.1330000e+01
   2.2160000e+01
   1.3470000e+01
   1.3470000e+01
   1.4170000e+01
   1.6180000e+01
   1.6640000e+01
   1.5650000e+01
   1.5890000e+01
   1.5890000e+01
   2.0350000e+01
   2.0350000e+01
   2.0210000e+01
   1.9240000e+01
   1.6020000e+01
   1.6020000e+01
   1.6360000e+01
   1.8180000e+01
   1.8870000e+01
   1.9810000e+01
   1.3270000e+01
   1.3270000e+01
   1.4890000e+01
   1.5890000e+01
   1.9650000e+01
   2.0750000e+01
   1.9000000e+01
   2.0920000e+01
   1.6020000e+01
   1.4090000e+01
   1.6240000e+01
   1.9420000e+01
   2.0180000e+01
   1.8220000e+01
   1.9300000e+01
   1.2810000e+01
   1.2810000e+01
   1.2020000e+01
   1.3130000e+01
   1.6320000e+01
   1.6320000e+01
   1.5690000e+01
   1.8750000e+01
   2.0070000e+01
   1.9190000e+01
   2.1560000e+01
   1.3280000e+01
   1.6910000e+01
   1.5980000e+01
   1.3290000e+01
   1.3800000e+01
   1.6910000e+01
   1.4300000e+01
   1.3320000e+01
   1.4600000e+01
   1.5510000e+01
   1.8620000e+01
   1.4540000e+01
   1.3850000e+01
   1.5670000e+01
   1.2860000e+01
   1.2860000e+01
   1.8560000e+01
   1.9540000e+01
   1.2730000e+01
   1.3620000e+01
   1.2890000e+01
   1.2120000e+01
   1.3010000e+01
   1.2300000e+01
   1.2300000e+01
   1.2990000e+01
   1.2100000e+01
