   1.9140000e+01
   1.7990000e+01
   1.8800000e+01
   1.8800000e+01
   1.9700000e+01
   2.0240000e+01
   1.9110000e+01
   1.8180000e+01
   1.7820000e+01
   1.8680000e+01
   1.8170000e+01
   1.9220000e+01
   1.8210000e+01
   2.1850000e+01
   2.2960000e+01
   1.6870000e+01
   1.9900000e+01
   2.0980000e+01
   2.1220000e+01
   2.2210000e+01
   2.1860000e+01
   1.5750000e+01
   1.6840000e+01
   1.7340000e+01
   1.8280000e+01
   1.9670000e+01
   1.5730000e+01
   1.4690000e+01
   1.9790000e+01
   1.9790000e+01
   2.4060000e+01
   2.3020000e+01
   1.9360000e+01
   1.8410000e+01
   1.7990000e+01
   1.7210000e+01
   1.5160000e+01
   1.6320000e+01
   1.7020000e+01
   2.2210000e+01
   2.1210000e+01
   1.6870000e+01
   1.8730000e+01
   1.7990000e+01
   1.7050000e+01
   2.0910000e+01
   1.8900000e+01
   1.5980000e+01
   1.6980000e+01
   1.7950000e+01
   1.8800000e+01
   1.9990000e+01
   1.9990000e+01
   1.8600000e+01
   1.6190000e+01
   1.8410000e+01
   1.9570000e+01
   1.7380000e+01
   1.4420000e+01
   1.7190000e+01
   1.7750000e+01
   1.5470000e+01
   1.8540000e+01
   1.7520000e+01
   1.6500000e+01
   1.7820000e+01
   1.9980000e+01
   1.6640000e+01
   1.6640000e+01
   1.9020000e+01
   1.9020000e+01
   1.6260000e+01
   1.9140000e+01
   1.6090000e+01
   1.7550000e+01
   1.5540000e+01
   1.7530000e+01
   1.6390000e+01
   1.5360000e+01
   1.7410000e+01
   1.6460000e+01
   2.2630000e+01
   2.3550000e+01
   1.9020000e+01
   1.6780000e+01
   1.7710000e+01
   1.7710000e+01
   1.9800000e+01
   1.8880000e+01
   1.9700000e+01
   1.5730000e+01
   1.7290000e+01
   1.7290000e+01
   1.6610000e+01
   1.6610000e+01
   1.6050000e+01
   1.8210000e+01
   1.9920000e+01
   1.7660000e+01
   2.2490000e+01
   2.0530000e+01
   2.0840000e+01
   2.0840000e+01
   1.6880000e+01
   1.7960000e+01
   2.0790000e+01
   1.9580000e+01
   1.7170000e+01
   1.5950000e+01
   1.8050000e+01
   1.8290000e+01
   2.2520000e+01
   2.3430000e+01
   2.1530000e+01
   2.1530000e+01
   1.8160000e+01
   1.6970000e+01
   1.8220000e+01
   2.1100000e+01
   1.9850000e+01
   1.8260000e+01
   1.7830000e+01
   1.8780000e+01
   1.6050000e+01
   1.6870000e+01
   2.0270000e+01
   1.9270000e+01
   1.7520000e+01
   1.8360000e+01
   1.7250000e+01
   1.9510000e+01
   1.7350000e+01
   1.4310000e+01
   1.6790000e+01
   1.5720000e+01
   1.7430000e+01
   1.9720000e+01
   1.8860000e+01
   1.8250000e+01
   1.7240000e+01
   2.2920000e+01
   2.1210000e+01
   1.7540000e+01
   1.8370000e+01
   1.5440000e+01
   2.0930000e+01
   2.0040000e+01
   1.9010000e+01
   1.6880000e+01
   1.8730000e+01
   1.7680000e+01
   2.4970000e+01
   2.4970000e+01
   1.6240000e+01
   1.7490000e+01
   2.5290000e+01
   2.5290000e+01
   1.7780000e+01
   1.8650000e+01
   2.3100000e+01
   1.8180000e+01
   1.8180000e+01
   1.4990000e+01
   1.6100000e+01
   1.8790000e+01
   1.8790000e+01
   1.7930000e+01
   1.7080000e+01
   1.8390000e+01
   1.7210000e+01
   2.1860000e+01
   2.2840000e+01
   1.7600000e+01
   1.9700000e+01
   1.7970000e+01
   1.9800000e+01
   1.8650000e+01
   2.0970000e+01
   1.9870000e+01
   2.1120000e+01
   2.0160000e+01
   1.5540000e+01
   1.4340000e+01
   1.7190000e+01
   1.7190000e+01
   1.7610000e+01
   1.9600000e+01
   1.9760000e+01
   1.9760000e+01
   1.6670000e+01
   2.0030000e+01
   2.0580000e+01
   1.8630000e+01
   1.7320000e+01
   1.8250000e+01
   1.8640000e+01
   1.8640000e+01
   1.7330000e+01
   1.8390000e+01
   1.7570000e+01
   1.7570000e+01
   1.8390000e+01
   1.6290000e+01
   1.9440000e+01
   1.8330000e+01
   1.4590000e+01
   1.5580000e+01
   1.7740000e+01
   1.7740000e+01
   1.5290000e+01
   1.7120000e+01
   1.8110000e+01
   1.6050000e+01
   1.4870000e+01
   1.5960000e+01
   1.5060000e+01
   1.6030000e+01
   2.1520000e+01
   1.9170000e+01
   1.7150000e+01
   1.7150000e+01
   2.0950000e+01
   1.5200000e+01
   1.9900000e+01
   1.9960000e+01
   1.7040000e+01
   1.6200000e+01
   1.4260000e+01
   1.8310000e+01
   1.8310000e+01
   1.7560000e+01
   1.7570000e+01
   1.5610000e+01
   1.9260000e+01
   2.0260000e+01
   1.9370000e+01
   1.6670000e+01
   1.6670000e+01
   1.6300000e+01
   1.5210000e+01
   1.5560000e+01
   1.7380000e+01
   1.7380000e+01
   1.5700000e+01
   1.5700000e+01
   1.7370000e+01
   1.8910000e+01
   1.7050000e+01
   2.0810000e+01
   2.0810000e+01
   1.7110000e+01
   1.6500000e+01
   2.0950000e+01
   1.9920000e+01
   1.7620000e+01
   1.6650000e+01
   1.7840000e+01
   1.8830000e+01
   1.8390000e+01
   1.6440000e+01
   1.5270000e+01
   1.5450000e+01
   1.8260000e+01
   1.6130000e+01
   1.7960000e+01
   1.7960000e+01
   1.5090000e+01
   1.7660000e+01
   1.7660000e+01
   1.4750000e+01
   1.5680000e+01
   1.4800000e+01
   1.7210000e+01
   1.8020000e+01
   1.9650000e+01
   1.9650000e+01
   1.5880000e+01
   2.0450000e+01
   2.0450000e+01
   1.5710000e+01
   1.7170000e+01
   1.6420000e+01
   1.9060000e+01
   1.7100000e+01
   1.6640000e+01
   1.4720000e+01
   1.7330000e+01
   1.7330000e+01
   1.7860000e+01
   1.8770000e+01
   1.6520000e+01
   1.7450000e+01
   1.7410000e+01
   1.6010000e+01
   1.5590000e+01
   1.6670000e+01
   1.6560000e+01
   1.6110000e+01
   1.5180000e+01
   1.6640000e+01
   1.6640000e+01
   1.8260000e+01
   2.0320000e+01
   1.9510000e+01
   2.0810000e+01
   2.0810000e+01
   1.9790000e+01
   1.9790000e+01
   1.7140000e+01
   1.8250000e+01
   2.1910000e+01
   2.1910000e+01
   1.7020000e+01
   1.8030000e+01
   1.9180000e+01
   1.7820000e+01
   1.5620000e+01
   2.1910000e+01
   2.1910000e+01
   1.5760000e+01
   1.6780000e+01
   1.5210000e+01
   1.8270000e+01
   2.0080000e+01
   1.9170000e+01
   1.5040000e+01
   1.5760000e+01
   1.7450000e+01
   1.8550000e+01
   1.6940000e+01
   1.6940000e+01
   1.9510000e+01
   1.8420000e+01
   2.3720000e+01
   2.3720000e+01
   1.5130000e+01
   1.7160000e+01
   1.4530000e+01
   1.5550000e+01
   1.6570000e+01
   1.6570000e+01
   1.7420000e+01
   1.7420000e+01
   1.5120000e+01
   1.7950000e+01
   1.9370000e+01
   2.1410000e+01
   1.5950000e+01
   1.5820000e+01
   1.7970000e+01
   1.4850000e+01
   1.7910000e+01
   1.9630000e+01
   1.8600000e+01
   2.5070000e+01
   1.8310000e+01
   1.8310000e+01
   2.0500000e+01
   1.9660000e+01
   1.9650000e+01
   1.9330000e+01
   1.9330000e+01
   1.5530000e+01
   1.7410000e+01
   1.7410000e+01
   1.8840000e+01
   2.1300000e+01
   1.8290000e+01
   1.8250000e+01
   2.0310000e+01
   2.5110000e+01
   2.5110000e+01
   1.5790000e+01
   2.0730000e+01
   1.8640000e+01
   1.9300000e+01
   2.0510000e+01
   2.3790000e+01
   2.4850000e+01
   1.7990000e+01
   2.5280000e+01
   2.5280000e+01
   2.0030000e+01
   2.0030000e+01
   1.5590000e+01
   1.6470000e+01
   1.7300000e+01
   1.8260000e+01
   1.7180000e+01
   1.8060000e+01
   1.9790000e+01
   2.0760000e+01
   1.4790000e+01
   1.6710000e+01
   1.6700000e+01
   1.5960000e+01
   1.5780000e+01
   1.8640000e+01
   2.0470000e+01
   2.0470000e+01
   1.7210000e+01
   1.6160000e+01
   1.7240000e+01
   1.7280000e+01
   1.6190000e+01
   1.5250000e+01
   1.7910000e+01
   1.7910000e+01
   2.1540000e+01
   2.0400000e+01
   2.2890000e+01
   2.4140000e+01
   2.6010000e+01
   1.6440000e+01
   1.8500000e+01
   1.6710000e+01
   1.7440000e+01
   1.4320000e+01
   1.7600000e+01
   1.6010000e+01
   1.7120000e+01
   1.5900000e+01
   1.7530000e+01
   1.7200000e+01
   1.8240000e+01
   1.9250000e+01
   1.9250000e+01
   1.8930000e+01
   2.0780000e+01
   1.6380000e+01
   1.6380000e+01
   1.5050000e+01
   1.7880000e+01
   1.6920000e+01
   1.6750000e+01
   1.6750000e+01
   1.8070000e+01
   1.8070000e+01
   1.6900000e+01
   1.8300000e+01
   1.4250000e+01
   2.1950000e+01
   2.1950000e+01
   1.7410000e+01
   1.9850000e+01
   1.6880000e+01
   1.7660000e+01
   1.7930000e+01
   1.7050000e+01
   1.5340000e+01
   1.6300000e+01
   1.6810000e+01
   1.7810000e+01
   1.7860000e+01
   1.8710000e+01
   1.4300000e+01
   1.6370000e+01
   1.6960000e+01
   1.3950000e+01
   1.7020000e+01
   1.4570000e+01
   2.2060000e+01
   2.2060000e+01
   1.5030000e+01
   1.6120000e+01
   2.1010000e+01
   2.0040000e+01
   1.7080000e+01
   1.7080000e+01
   1.7420000e+01
   1.5330000e+01
   1.9120000e+01
   1.7020000e+01
   1.7020000e+01
   1.7240000e+01
   1.7240000e+01
   1.9300000e+01
   1.9300000e+01
   1.5330000e+01
   1.5330000e+01
   1.6610000e+01
   1.8840000e+01
   2.0210000e+01
   1.6420000e+01
   1.7210000e+01
   1.5130000e+01
   1.7620000e+01
   1.7420000e+01
   1.7470000e+01
   1.7470000e+01
   1.6740000e+01
   1.7750000e+01
   1.7170000e+01
   1.8310000e+01
   1.7290000e+01
   1.6260000e+01
   1.9020000e+01
   1.8780000e+01
   1.7960000e+01
   1.7270000e+01
   1.6110000e+01
   1.9560000e+01
   1.7710000e+01
   2.0610000e+01
   2.1330000e+01
   2.0240000e+01
   2.1270000e+01
   1.4730000e+01
   1.7050000e+01
   1.8150000e+01
   1.4540000e+01
   1.7560000e+01
   1.6410000e+01
   1.5450000e+01
   1.9020000e+01
   1.8010000e+01
   2.0220000e+01
   1.9020000e+01
   1.6650000e+01
   1.6650000e+01
   1.7760000e+01
   1.5690000e+01
   1.5150000e+01
   1.9160000e+01
   2.2280000e+01
   1.6880000e+01
   1.4860000e+01
   1.9530000e+01
   1.8980000e+01
   1.8980000e+01
   1.9020000e+01
   1.7010000e+01
   1.7840000e+01
   1.7840000e+01
   2.0470000e+01
   1.9430000e+01
   1.7860000e+01
   1.7860000e+01
   2.1970000e+01
   2.3000000e+01
   2.0310000e+01
   1.9390000e+01
   2.0780000e+01
   1.9010000e+01
   1.7570000e+01
   1.7570000e+01
   1.9880000e+01
   1.9880000e+01
   1.6290000e+01
   1.7290000e+01
   1.6780000e+01
   1.5980000e+01
   2.1420000e+01
   2.1420000e+01
   1.9910000e+01
   1.9910000e+01
   1.9570000e+01
   2.0890000e+01
   2.2700000e+01
   1.9520000e+01
   1.6460000e+01
   1.6460000e+01
   2.0510000e+01
   2.0510000e+01
   1.9400000e+01
   2.0330000e+01
   1.6330000e+01
   1.6330000e+01
   1.7710000e+01
   1.5630000e+01
   1.6890000e+01
   1.6180000e+01
   1.6180000e+01
   1.9200000e+01
   1.9200000e+01
   2.0260000e+01
   2.1190000e+01
   1.7200000e+01
   1.7200000e+01
   1.7320000e+01
   1.6400000e+01
   1.8060000e+01
   1.6190000e+01
   1.7160000e+01
   1.7840000e+01
   1.9350000e+01
   1.9350000e+01
   2.3690000e+01
   2.3690000e+01
   1.7240000e+01
   1.6280000e+01
   1.8340000e+01
   1.7400000e+01
   1.8900000e+01
   1.9860000e+01
   1.9120000e+01
   1.9120000e+01
   1.6460000e+01
   1.7350000e+01
   1.6980000e+01
   1.6980000e+01
   2.2800000e+01
   2.1630000e+01
   2.4340000e+01
   2.4340000e+01
   2.0280000e+01
   2.0280000e+01
   2.2310000e+01
   2.3250000e+01
   1.9430000e+01
   1.9430000e+01
   1.7380000e+01
   1.7380000e+01
   1.7940000e+01
   1.8330000e+01
   1.7300000e+01
   2.4100000e+01
   2.4100000e+01
   2.3050000e+01
   2.4030000e+01
   2.0890000e+01
   1.9930000e+01
   1.5650000e+01
   1.4650000e+01
   1.6630000e+01
   1.7420000e+01
   2.0940000e+01
   2.2130000e+01
   1.5950000e+01
   1.7120000e+01
   2.1570000e+01
   1.8700000e+01
   2.4060000e+01
   2.2130000e+01
   2.0990000e+01
   1.7730000e+01
   1.9670000e+01
   1.6830000e+01
   1.9350000e+01
   2.0310000e+01
   1.5430000e+01
   1.7540000e+01
   1.9620000e+01
   1.7640000e+01
   1.7790000e+01
   1.6700000e+01
   1.7020000e+01
   1.7980000e+01
   1.9680000e+01
   1.7150000e+01
   1.7150000e+01
   1.7100000e+01
   1.8030000e+01
   2.0400000e+01
   1.9420000e+01
   1.7040000e+01
   1.6090000e+01
   1.7320000e+01
   1.9300000e+01
   1.6310000e+01
   1.7310000e+01
   1.7170000e+01
   1.6160000e+01
   1.7460000e+01
   2.0020000e+01
   2.0020000e+01
   1.7350000e+01
   1.8860000e+01
   1.8860000e+01
   1.6750000e+01
   1.8800000e+01
   1.8510000e+01
   1.9890000e+01
   1.6640000e+01
   1.5710000e+01
   2.2220000e+01
   2.2220000e+01
   2.3770000e+01
   2.3770000e+01
   1.5950000e+01
   1.4980000e+01
   1.5920000e+01
   1.8250000e+01
   1.7090000e+01
   1.4950000e+01
   1.5370000e+01
   1.8340000e+01
   2.4620000e+01
   2.4620000e+01
   1.5490000e+01
   1.6470000e+01
   1.6180000e+01
   1.8200000e+01
   1.8580000e+01
   1.7640000e+01
   2.0100000e+01
   1.7830000e+01
   2.2400000e+01
   2.3440000e+01
   2.4090000e+01
   2.4090000e+01
   1.8920000e+01
   1.7980000e+01
   1.8350000e+01
   2.0200000e+01
   2.0830000e+01
   2.2910000e+01
   1.7060000e+01
   1.6290000e+01
   1.9320000e+01
   1.9320000e+01
   2.2470000e+01
   2.2470000e+01
   2.4020000e+01
   2.4020000e+01
   1.8070000e+01
   1.7210000e+01
   1.9420000e+01
   2.1220000e+01
   2.2250000e+01
   2.2110000e+01
   2.2110000e+01
   1.4590000e+01
   1.5610000e+01
   1.6310000e+01
   1.6310000e+01
   2.1350000e+01
   1.9390000e+01
   1.9770000e+01
   2.1760000e+01
   2.1760000e+01
   2.4060000e+01
   2.4060000e+01
   1.5280000e+01
   2.0010000e+01
   2.1020000e+01
   1.5410000e+01
   1.5780000e+01
   1.9850000e+01
   1.6290000e+01
   1.7310000e+01
   1.6450000e+01
   1.7450000e+01
   2.0450000e+01
   1.7920000e+01
   1.7050000e+01
   1.7740000e+01
   1.6730000e+01
   1.5790000e+01
   2.0560000e+01
   2.1500000e+01
   1.4650000e+01
   1.7690000e+01
   1.4860000e+01
   1.6070000e+01
   1.7090000e+01
   1.6560000e+01
   1.4320000e+01
   1.5240000e+01
   1.4060000e+01
